2.4 2.45 0.0004745104580664531 4.6047080473087356e-05 4.2314935435963283e-05 58145.32491536022
2.45 2.5 0.00042562344462395167 3.372066498352522e-05 3.76701680892166e-05 60789.789032118264
2.5 2.55 0.0004266318721495004 3.195028949390865e-05 3.481083193525834e-05 61223.68459296109
2.55 2.6 0.0004260673260676304 2.8825660384878952e-05 3.284832851729213e-05 61738.401655952184
2.6 2.65 0.00048264897206829046 3.079320906020989e-05 3.2073209624010075e-05 62140.39717674083
2.65 2.7 0.0005057751011040964 2.900799353586903e-05 2.7942019961175275e-05 62613.27170201853
2.7 2.75 0.00048435568019096465 3.1620699678975835e-05 3.0398414250313796e-05 62932.441161921975
2.75 2.8 0.0005313902464507282 2.9346265475576282e-05 2.778849471452374e-05 62979.40800020711
2.8 2.85 0.000539170938990385 2.9250132819828032e-05 2.7562284396431065e-05 63058.145593511224
2.85 2.9 0.0006084239064415689 2.8887702272890458e-05 2.772040868164686e-05 63210.552529711385
2.9 2.95 0.0006403837260403216 2.8451948014310583e-05 2.7829996455580206e-05 63495.84812100687
2.95 3.0 0.000657776043534588 2.840646761374853e-05 2.6665302184679667e-05 63700.57861074474
3.0 3.05 0.0007200242092173107 2.7112642187136185e-05 2.803030695093273e-05 63657.92881775773
3.05 3.1 0.0007409167031371447 2.5099567409168043e-05 2.607832464579312e-05 64024.77262934226
3.1 3.15 0.0008499113533127895 2.3559989022811276e-05 2.4495630081561824e-05 64144.103119014064
3.15 3.2 0.0009078700937373512 2.4716948877920504e-05 2.6957528850962025e-05 64307.959777170465
3.2 3.25 0.0009343453546772579 2.299291874379133e-05 2.4371358287765695e-05 64332.50520247477
3.25 3.3 0.0010447475563309665 2.5710854580845077e-05 2.4425637179706795e-05 64263.23627221261
3.3 3.35 0.0011082518061110293 2.3825873800507533e-05 2.5157073434329625e-05 64499.47124230859
3.35 3.4 0.0011593589116045764 2.3854882864603275e-05 2.4137484476473292e-05 64614.12669357378
3.4 3.45 0.0012132524132131817 2.6957608478962508e-05 2.6463562158534357e-05 63796.20047559399
3.45 3.5 0.0012913354308942816 2.9310173181240238e-05 2.8784164128377353e-05 63702.24281723968
3.5 3.55 0.0013325296442565427 2.8572883963936917e-05 2.7113672208973864e-05 63548.89813205315
3.55 3.6 0.0013862335564552612 2.832969427345785e-05 2.4908222380177992e-05 63465.62700284065
3.6 3.65 0.0014131382544980754 2.8574562661890564e-05 2.9680391976276985e-05 63285.44370692465
3.65 3.7 0.0014802693123741337 3.2322769554108365e-05 3.1741843004231586e-05 63147.90257762804
3.7 3.75 0.001554471054795032 2.5564937729814644e-05 2.747054190077201e-05 62979.54449492179
3.75 3.8 0.0016332383732071925 2.909292497937834e-05 2.7616298103529113e-05 62847.07928783697
3.8 3.85 0.0016675141863455214 2.5722848574577517e-05 2.9104245411363605e-05 62420.96302125651
3.85 3.9 0.0017838377277625903 2.675072514347638e-05 2.8304340972140542e-05 62513.82611933391
3.9 3.95 0.001768776951614336 2.4485062000698284e-05 2.7860912246199148e-05 63609.04962243073
3.9 3.95 0.0018450879982446525 2.2641199914460747e-05 2.326124513950213e-05 33639.55690206423
3.95 4.0 0.0018931688490334447 2.109539665164301e-05 2.1353464929905986e-05 33837.11642699096
4.0 4.05 0.001873214735571322 2.031674829881293e-05 2.2587164724534054e-05 33760.48695995731
4.05 4.1 0.001876897195567234 2.070740084790133e-05 2.1242544196491565e-05 33739.94450267001
4.1 4.15 0.0018682731656397451 2.3199345835537514e-05 2.2137084648710982e-05 33473.10355686411
4.15 4.2 0.001844023116592812 2.2680875784974455e-05 2.2543634758486093e-05 33239.08575046464
4.2 4.25 0.0016288627453991658 2.5405172164823025e-05 2.631829340176599e-05 32994.10319295086
4.25 4.3 0.0014995467824068867 2.2213388839845182e-05 2.3125434638804907e-05 32958.14104404865
4.3 4.35 0.0014306239457928087 2.800768113766063e-05 2.868079704738762e-05 32798.80652751036
4.35 4.4 0.0015591298493607274 3.052049240316146e-05 2.956153712446296e-05 32677.530387690393
4.4 4.45 0.0016148941020470997 3.0056447840301178e-05 2.8759052151437845e-05 32347.14490339566
4.45 4.5 0.001686858995706251 2.8994248078472546e-05 2.925188152431437e-05 32211.486588943553
4.5 4.55 0.0017015325154789498 3.110870131754306e-05 3.1680733941992544e-05 32076.274345197045
4.55 4.6 0.0018407305302625626 3.174495632757984e-05 3.167401668883302e-05 31667.74598759695
4.6 4.65 0.0019081569170181028 3.2445633846827325e-05 3.327395903276868e-05 31716.342298690888
4.65 4.7 0.002002778418563416 3.3115250495568526e-05 3.579081913919046e-05 31619.191220039665
4.7 4.75 0.0020563243839872886 3.708895706972795e-05 4.348969916948258e-05 31470.536764538076
4.75 4.8 0.0020577044317734512 3.516525233482554e-05 4.289772774520315e-05 31260.266370610414
4.8 4.85 0.002035966732155211 3.948434237988638e-05 3.8022915991211235e-05 31126.294766352337
4.85 4.9 0.0020128052186128382 3.6146436311074e-05 3.809614868890629e-05 30815.46117387389
4.9 4.95 0.0021607673205762193 4.114854118906705e-05 4.763568361068225e-05 30371.52295013032
4.95 5.0 0.0021946328991654857 4.635870270219746e-05 5.1273133481240935e-05 29654.973385406367
