0.85165 0.00264 0.003056982477915364 0.00042245507777533974
0.85429 0.00264 0.0029660097233887408 0.00019062982362618526
0.85693 0.00264 0.0027109388097419705 0.00020070592275487617
0.85957 0.00264 0.003356410733896349 0.0002340859204066362
0.86222 0.00265 0.0030220429576969976 0.0002091290762412159
0.86487 0.00265 0.0025208434861502095 0.00019507587197667637
0.86752 0.00265 0.002733562263710005 0.00017221677337510868
0.87017 0.00265 0.0027411417304135416 0.0001814211691388466
0.87283 0.00266 0.002635626025643587 0.00016173839546089266
0.87549 0.00266 0.002607221461481451 0.00019048578073589377
0.87815 0.00266 0.002610190275161157 0.00017292596730790523
0.88081 0.00266 0.0029728894971627713 0.0001827423482556594
0.88348 0.00267 0.003016472045306416 0.0001803111593593469
0.88614 0.00267 0.002898521612735053 0.00019144206593702914
0.88882 0.00267 0.0030106923900555397 0.0001774926925364623
0.89149 0.00267 0.0029357368538009726 0.000184415913364493
0.89416 0.00268 0.00283866376680805 0.00019852587586572122
0.89684 0.00268 0.0030328637835055163 0.00016190738080060758
0.89952 0.00268 0.003042579710870061 0.00017609005929491718
0.90221 0.00268 0.002882669456840138 0.00017202259072712921
0.90489 0.00269 0.003068176454399312 0.00017505994197416247
0.90758 0.00269 0.0028959682952924195 0.00017392760841183075
0.91027 0.00269 0.002802035960736538 0.00016653707472754216
0.91296 0.00269 0.002906161899676138 0.0001650374552813589
0.91566 0.0027 0.003083065935159584 0.00016265737348685456
0.91835 0.0027 0.0028788898023207644 0.0001635166373657232
0.92105 0.0027 0.002875411073643994 0.00014653567865511422
0.92376 0.0027 0.003141670427314298 0.0001812451427573501
0.92646 0.0027 0.0026779879643013286 0.00016906321641819134
0.92917 0.00271 0.0027275981236456175 0.0001555461345325707
0.93187 0.00271 0.003052470404194627 0.0001565721858547099
0.93458 0.00271 0.0027257048251460927 0.00016053364975612158
0.9373 0.00271 0.002871666763388979 0.00015701182243735434
0.94001 0.00272 0.00254933836492109 0.0001393500961881448
0.94273 0.00272 0.0028457647878201006 0.00013714176192327864
0.94545 0.00272 0.0026951218089920174 0.0001414016466647431
0.94817 0.00272 0.002645527635596916 0.0001411833644355213
0.95089 0.00272 0.0028472703830676326 0.00013870311757122362
0.95362 0.00273 0.003024977589016632 0.00016110946581968504
0.95634 0.00296 0.0029074944162139735 0.00012983741836202558
0.95953 0.00341 0.0026125933988699547 0.00012369677180221856
0.96317 0.00364 0.00292966248857688 0.00013753180073998417
0.96682 0.00365 0.002775102342781758 0.0001300958257237189
0.97047 0.00365 0.0027375881225325744 0.00013533312828274756
0.97412 0.00366 0.002884919316209003 0.0001230498535630329
0.97778 0.00366 0.0028360184827177647 0.0001283560940466739
0.98144 0.00366 0.002645455154790432 0.00011216284132771716
0.9851 0.00367 0.0028175993715532257 0.00013093846834512441
0.98877 0.00367 0.002910678940048592 0.00012446404088021154
0.99244 0.00367 0.0026749031314446327 0.00011655654463489258
0.99612 0.00368 0.002940296070736333 0.00012915811154172116
0.99979 0.00368 0.0028931790930339014 0.00013180055740506395
1.00347 0.00368 0.003037331745557632 0.00012896983113478745
1.00716 0.00369 0.002950854580993236 0.00012967178502046886
1.01084 0.00369 0.00290635418021176 0.00010437661530485593
1.01453 0.00369 0.0029372804857289124 0.00012775297643979614
1.01823 0.00369 0.003225211592503116 0.00012365977631105784
1.02192 0.0037 0.003016066585421193 0.00014043314121117736
1.02562 0.0037 0.0029175637442317827 0.00011075040810146879
1.02932 0.0037 0.0027516899600165423 0.00011726664922649865
1.03303 0.00371 0.002759306295626052 0.00010383461348488572
1.03674 0.00371 0.0027801259743856772 0.00012203651373191997
1.04045 0.00371 0.0029633067839393407 0.00012197717701862324
1.04416 0.00372 0.003146487593493004 0.00012191784030532653
1.04788 0.00372 0.0028052727793601833 0.0001235205516136582
1.0516 0.00372 0.0029423423871810152 0.00012008850798394428
1.05532 0.00372 0.0029499985516403624 0.00015755692783671883
1.05905 0.00373 0.002856863767322288 0.00010027505012100801
1.06277 0.00373 0.003159264480420836 0.0001187889734462376
1.0665 0.00373 0.002924726101036298 0.00010703745629052195
1.07024 0.00373 0.0027524060945014234 0.00010333308849004924
1.07397 0.00374 0.003172726731267956 0.00011057077407908719
1.07771 0.00374 0.0029418154633320446 0.00011746576594098997
1.08145 0.00374 0.002832976329494509 9.774279968654582e-05
1.0852 0.00374 0.0028997130473914843 0.00011335656981313264
1.08894 0.00375 0.00290937473758974 0.00011167670269420864
1.09269 0.00375 0.0027251976416922856 0.00010059936574463222
1.09644 0.00375 0.002798144194270829 0.00010736670174522805
1.1002 0.00375 0.00285709948489413 0.00010431990075950853
1.10395 0.00376 0.0027330413923813655 0.00011351274400700913
1.10771 0.00376 0.002757778794512088 9.345223722895366e-05
1.11147 0.00376 0.0028703261876567086 0.00010077599334663045
1.11523 0.00376 0.0029324945711058327 0.00010198928391477784
1.119 0.00377 0.002725129466039033 0.00010919233176883767
1.12277 0.00377 0.002885560782332518 0.00010929245777695905
1.12654 0.00377 0.0028158951885351928 0.0001059257982934721
1.13031 0.00377 0.0030503438192859464 0.00010868694681917577
1.13408 0.00378 0.002848382504832074 9.697123975165595e-05
1.13786 0.00378 0.002922375356901389 9.470475649286254e-05
1.14164 0.00378 0.0028871243777098803 0.000128310612470882
1.14542 0.00378 0.002881464571305299 0.00010050850991827042
1.1492 0.00378 0.0027936014193465247 9.879782056722046e-05
1.15299 0.00379 0.0026833667839688876 0.00010649558968384599
1.15677 0.00379 0.002994440765648016 0.00010043432415976008
1.16056 0.00379 0.002901009726831831 0.00010860404448442113
1.16435 0.00379 0.002989953412648632 0.00010563738977702609
1.16815 0.00379 0.003006324101256264 9.804530259071907e-05
1.17194 0.0038 0.0030193272738925927 9.819879048097618e-05
1.17574 0.0038 0.003082886894313896 0.00010099719371143897
1.17954 0.0038 0.0029081002053589484 0.00010119303945668502
1.18334 0.0038 0.002831020195664835 0.00010398334802950444
1.18714 0.0038 0.0030010392710219137 0.00011076021774255286
1.19094 0.00381 0.002877988514866386 0.00010144405173462769
1.19475 0.00381 0.00321070521441264 0.00010627513555007181
1.19856 0.00381 0.0028945520999501787 0.00010450414991640309
1.20237 0.00381 0.003131369560173402 0.00010085268356115057
1.20618 0.00381 0.0029437100147265806 0.00010334908606004297
1.20999 0.00381 0.002890583181063897 0.00010246252560488528
1.21381 0.00382 0.002950235076171565 9.655300924023913e-05
1.21762 0.00382 0.002746361470827293 9.380275514369988e-05
1.22144 0.00382 0.0028509610606830948 9.613195382008597e-05
1.22526 0.00382 0.002795585701714241 9.801143389069762e-05
1.22909 0.00382 0.0029088536240076948 0.00010701422644740819
1.23291 0.00382 0.0028976829588385 8.898868944647961e-05
1.23673 0.00383 0.002797590578681818 9.68083909166919e-05
1.24056 0.00383 0.0029622140872662926 0.00010247228683458046
1.24439 0.00383 0.0028733696929468407 0.0001111373535602122
1.24822 0.00383 0.0028819391157573317 0.00010132087087423678
1.25205 0.00383 0.0026090733206466277 8.834470359631132e-05
1.25588 0.00383 0.002781533269018108 0.00011404784261856275
1.25972 0.00383 0.0027692441549455474 9.581826376042386e-05
1.26355 0.00384 0.0029588355518432963 0.0001016576313256794
1.26739 0.00384 0.003046150954514376 0.0001072697241664473
1.27123 0.00384 0.0029020744779620516 9.335940801215406e-05
1.27507 0.00384 0.0026766193583926635 0.00011315389577691462
1.27891 0.00384 0.0028819707316399953 0.00010093531640592004
1.28275 0.00384 0.0026858832826719345 0.00010959950981388988
1.28659 0.00384 0.0028998920886151663 0.00011221804395445362
1.29044 0.00385 0.00286253828189402 0.00010010205167664685
1.29428 0.00385 0.0029054367718453523 0.00010498323085933384
1.29813 0.00409 0.0027874268861882686 9.674617209459006e-05
1.30246 0.00457 0.002902631000610532 9.544667477390317e-05
1.30728 0.00481 0.0027158694585580384 8.043737134277398e-05
1.31209 0.00482 0.0028156849293751 7.902230267867253e-05
1.31691 0.00482 0.002732921614147534 9.126563590329556e-05
1.32173 0.00482 0.0027361229012041214 8.89188487913957e-05
1.32655 0.00482 0.0030407255988407107 9.777020258720494e-05
1.33137 0.00482 0.002838508735375884 7.645199426923546e-05
1.3362 0.00483 0.002981266318081794 8.754007701095224e-05
1.34102 0.00483 0.0029574320139860145 9.625590287794489e-05
1.34585 0.00483 0.002767649559063609 8.246121157865378e-05
1.35068 0.00483 0.002904119949109684 9.997050526412113e-05
1.35551 0.00483 0.002941596167697674 9.48524072862026e-05
1.36034 0.00483 0.0029684301445649613 9.79429496364653e-05
1.36518 0.00484 0.002887253798718248 9.167955332016345e-05
1.37001 0.00484 0.002875438710759519 8.317330164893632e-05
1.37485 0.00484 0.0031145387866711957 0.00011654369059044347
1.37969 0.00484 0.0029662873666540805 9.698751528436651e-05
1.38453 0.00484 0.002819075636608884 8.872325298206146e-05
1.38937 0.00484 0.002985722629584591 0.00010648232641069375
1.39422 0.00484 0.003021192719074837 0.00010779433611002037
1.39906 0.00485 0.0027204214038858135 9.625861460147416e-05
1.40391 0.00485 0.0029944864807220075 9.712988412307072e-05
1.40876 0.00485 0.002732536358647597 8.638250437575834e-05
1.41361 0.00485 0.0028183326571019625 9.334829361172182e-05
1.41846 0.00485 0.002934040168183188 9.205413609671132e-05
1.42331 0.00485 0.0027852845570276643 8.825570683130353e-05
1.42816 0.00485 0.0026745187150924513 9.206328650490104e-05
1.43302 0.00485 0.002994741993151959 0.00010150071377686459
1.43787 0.00486 0.0030525206041249883 0.00010378561067799978
1.44273 0.00486 0.0030179230921168485 0.00010621246203503892
1.44759 0.00486 0.002723653720498385 8.875341562504081e-05
1.45244 0.00486 0.002881262942174369 0.00013779515858888908
1.45731 0.00486 0.0029367030221525052 0.00011176800700712214
1.46217 0.00486 0.0029943547222836204 0.0001028707850228634
1.46703 0.00486 0.0030725924884497657 0.00011937405228727538
1.47189 0.00486 0.002811029295029517 9.251028441945117e-05
1.47676 0.00487 0.002924890738389049 0.0001002585411985217
1.48162 0.00487 0.002889111331725897 9.104259261135643e-05
1.48649 0.00487 0.0028612549892484455 9.680962239713382e-05
1.49136 0.00487 0.002752931149394465 9.517695369318994e-05
1.49623 0.00487 0.002918317791913043 0.00011353110561720836
1.5011 0.00487 0.0027086839800103016 0.0001023568827706813
1.50597 0.00487 0.002846750746272437 0.00011033213120045911
1.51084 0.00487 0.002932119431353504 0.00011803746055517467
1.51571 0.00487 0.0028114006179996687 0.00011885424960863293
1.52058 0.00487 0.002734959480135358 0.00010426661545042224
1.52546 0.00487 0.002873446083485472 9.604366496643183e-05
1.53033 0.00488 0.002814709098413316 9.887348553793049e-05
1.53521 0.00488 0.002535777197678225 0.00010116962061460026
1.54009 0.00488 0.0028146853562181647 9.506167271464642e-05
1.54496 0.00488 0.002827143236479611 9.851890572712318e-05
1.54984 0.00488 0.002828153026900935 0.00010598245781826289
1.55472 0.00488 0.002706700757788601 0.00011135699694358641
1.5596 0.00488 0.0027836093911932937 0.00010220953668449738
1.56448 0.00488 0.002713596623878057 9.262480922290047e-05
1.56936 0.00488 0.002881530340938541 0.00010614656447439414
1.57425 0.00488 0.0029033612145207242 9.434809872294955e-05
1.57913 0.00488 0.002790605062700818 0.00010724174544667016
1.58401 0.00488 0.002769114763110563 0.00010152200094762315
1.5889 0.00488 0.002922335192005059 0.00010411825022380594
1.59378 0.00489 0.002848187528690706 0.00011718428594612192
1.59867 0.00489 0.0029068170018735134 0.00012475638991239703
1.60356 0.00489 0.0027953215299532388 0.0001080392535736114
1.60844 0.00489 0.002759954578895793 0.00011239254871964113
1.61333 0.00513 0.0029169204822655143 0.00011945075163139471
1.61871 0.00562 0.002717477807291088 9.592433899351158e-05
1.62458 0.00587 0.0029266112799363536 0.00010005414180594061
1.63044 0.00587 0.0028315653873649195 9.690359305143033e-05
1.63631 0.00587 0.002974384345408459 0.00010686882656140846
1.64218 0.00587 0.00280953791464028 9.14224621579849e-05
1.64805 0.00587 0.002744574980213772 0.00010227948243503281
1.65392 0.00587 0.0027872950641051634 0.00011271457287221232
1.6598 0.00587 0.003034178045327854 0.00011233401124593342
1.66567 0.00587 0.00271977311791475 0.00010563627001134796
1.67154 0.00587 0.002723474717509599 0.0001052191093667759
1.67742 0.00587 0.002712897300048083 9.111801484192255e-05
1.68329 0.00588 0.0027913293352028116 0.00011767665466705261
1.68917 0.00588 0.0027077027201075007 0.00010133738672098798
1.69504 0.00588 0.002892930410742224 0.00011196838529644992
1.70092 0.00588 0.0027526051874536437 0.00011674933731551186
1.7068 0.00588 0.0029717032523102625 0.0001069703843278262
1.71268 0.00588 0.003023609774686704 0.00011116949859535179
1.71856 0.00588 0.0028370555919539383 0.00010537896983335304
1.72444 0.00588 0.00285409434344786 0.0001054156190234189
1.73032 0.00588 0.002830748569643401 0.0001266796426942028
1.7362 0.00588 0.0026716612441017897 9.77516678702159e-05
1.74208 0.00588 0.0030216961015762647 0.00011582511220215383
1.74796 0.00588 0.002784515727720236 0.00010960722488699616
1.75384 0.00588 0.0029521689073109198 0.00012399540982959434
1.75973 0.00588 0.003010350239916413 0.00012992304432670745
1.76561 0.00588 0.0027995039354506016 0.00011435866314713165
1.7715 0.00588 0.002937972924446935 0.00012279648222046738
1.77738 0.00589 0.002625690773627509 0.00010799077794435561
1.78327 0.00589 0.0030430732432465 0.000138085830466556
1.78915 0.00589 0.0027719635683213627 0.00012818155495981183
1.79504 0.00589 0.0026158489589352975 0.00012641004178606178
1.80093 0.00589 0.002966908841385924 0.00014603100111295155
1.80682 0.00589 0.0029661639848218902 0.00011792327338479026
1.8127 0.00589 0.0029423527778043197 0.00012860049836550455
1.81859 0.00589 0.003038713156565012 0.0001308977454433127
1.82448 0.00589 0.0029182952269064463 0.00013573242876541665
1.83037 0.00589 0.0030181214327308008 0.00011917148033994021
1.83626 0.00589 0.0028248306524833945 0.0001164877193057266
1.84215 0.00589 0.002850904561646401 0.00011802709671398406
1.84805 0.00589 0.0032130566272515326 0.00013599811733430077
1.85394 0.00589 0.0028496408001867065 0.00011076231812290029
1.85983 0.00589 0.002657252540916118 0.00012402520601191623
1.86572 0.00589 0.0026993964176524133 0.000136937402097682
1.87162 0.00589 0.0026467714166912228 0.00013232305049905904
1.87751 0.00589 0.0030980054891222757 0.0001640585068082878
1.88341 0.00589 0.0027250479890687847 0.00013036314011468107
1.8893 0.0059 0.002566131294559025 0.00012219071878021736
1.8952 0.0059 0.002867511887605408 0.0001430620633889771
1.90109 0.0059 0.002919559928946749 0.0001304309539780663
1.90699 0.0059 0.002854652364568427 0.0001330174560711862
1.91289 0.0059 0.0027582565423992468 0.00013255679699844018
1.91878 0.00614 0.0027636025364535955 0.00015091089977410432
1.92517 0.00664 0.0029148482600440903 0.00015880048258102612
1.93205 0.00688 0.003066093983634585 0.00016669006538794792
1.93894 0.00688 0.0028175158328006943 0.00013014584274558227
1.94582 0.00688 0.003035665419989576 0.00016285309421921782
1.9527 0.00688 0.003166346727806882 0.00015961970331703697
1.95959 0.00688 0.002796168852319304 0.00013588682828829745
1.96647 0.00689 0.003026527433473191 0.00015169815253070077
1.97336 0.00689 0.0027909839722249264 0.00012793464713801766
1.98024 0.00689 0.002853918186404972 0.00014449188916669867
1.98713 0.00689 0.002494554912979681 0.00013661344393168495
1.99402 0.00689 0.002975602423223796 0.00016657997422346373
2.00091 0.00689 0.002696802702818898 0.00013827222806819987
2.00779 0.00689 0.003065462734760717 0.00015841151827071008
2.01468 0.00689 0.0028783015861078122 0.0001501989033435609
2.02157 0.00689 0.0028746705955157723 0.00015266773935990657
2.02846 0.00689 0.00277950391660747 0.00015757274192219233
2.03536 0.00689 0.0028001892487906762 0.00015358802428950776
2.04225 0.00689 0.0028864299670114863 0.00014079822615503575
2.04914 0.00689 0.0026967570643791857 0.00013585765081754447
2.05603 0.00689 0.0028545091120881 0.0001536665583434144
2.06293 0.00689 0.003120287997699173 0.0001672943521224224
2.06982 0.0069 0.002876414924682744 0.00020227982971835216
2.07672 0.0069 0.0027123927406852125 0.0001461187699943548
2.08361 0.0069 0.002612243239245849 0.00013767285201384016
2.09051 0.0069 0.0029414176497313785 0.00015226004237770463
2.09741 0.0069 0.0027135351901594 0.0001858690721883695
2.10431 0.0069 0.002794497424811385 0.0001640133807641614
2.11121 0.0069 0.002824699460709722 0.00017334747568679016
2.11811 0.0069 0.002868274517690654 0.0001740735211280694
2.12501 0.0069 0.002795575414160336 0.00014702280336915624
2.13191 0.0069 0.0026576974284111326 0.00016701277103838266
2.13881 0.0069 0.002960815797080825 0.00017147239435379036
2.14571 0.0069 0.0028543923049235017 0.00015510094163844018
2.15261 0.0069 0.0030105505145993027 0.00017521129234913404
2.15952 0.0069 0.0028013870514796654 0.0001549706649016032
2.16642 0.0069 0.0027715745132020028 0.00015935733707182884
2.17333 0.00691 0.002593259269830081 0.00016994074829374586
2.18023 0.00691 0.0027581295514581133 0.00018345888161154972
2.18714 0.00691 0.00279727023631416 0.0001795001636219581
2.19405 0.00691 0.002995469162167128 0.00019782249568129167
2.20096 0.00691 0.00306869835241574 0.00017244595545254515
2.20786 0.00691 0.002848096701860029 0.00019197764550984447
2.21477 0.00691 0.0027733704772759833 0.0001626231816337788
2.22168 0.00716 0.0024914636104679277 0.00016155445399062272
2.22909 0.00765 0.002742207915699654 0.0001462403282684877
2.23699 0.0079 0.002866468936730367 0.00015380695007611393
2.24489 0.0079 0.002624391023580179 0.00014967491389200813
2.25279 0.0079 0.002982346946189265 0.0001563419952471945
2.26069 0.0079 0.002906084168983857 0.0001716292665880469
2.2686 0.0079 0.002979931134871275 0.00016475260548368963
2.2765 0.0079 0.002854016474451045 0.0001690222782140086
2.2844 0.00791 0.0027281018140308142 0.00017329195094432746
2.29231 0.00791 0.0026204339254988682 0.00015660677943771362
2.30022 0.00791 0.0027384512235224946 0.00016555082097308036
2.30812 0.00791 0.002863818306642971 0.00016892604062552572
2.31603 0.00791 0.003257007718233001 0.00019130658995371232
2.32394 0.00791 0.00254796810332086 0.00015570856713566876
2.33185 0.00791 0.0031612623642915953 0.00020128457427791044
2.33976 0.00791 0.0029573955160962814 0.0001945515189770865
2.34768 0.00791 0.002856923934508743 0.00018672426045967085
2.35559 0.00791 0.003129786252468968 0.0001775941055086473
2.3635 0.00791 0.002860515763185322 0.00018043366564505082
2.37142 0.00792 0.0025912452739016755 0.00018327322578145434
2.37933 0.00792 0.0028319911485022867 0.00018605756742715173
2.38725 0.00792 0.002645089233594049 0.00020291827100826708
2.39517 0.00792 0.0030179221124146055 0.00019700425048469513
2.40308 0.00792 0.0032930535210355565 0.00022781206048225316
2.411 0.00792 0.0022688680978046214 0.00018300523766650757
2.41892 0.00792 0.002829769885112614 0.00023205177287406397
2.42684 0.00792 0.002815093524853486 0.00023368842876955113
2.43476 0.00792 0.0029294766136234085 0.00020911610759197265
2.44268 0.00792 0.002917043748010229 0.00022935942716984412
2.45061 0.00792 0.002765532295874616 0.0002045692874575452
2.45853 0.00792 0.002460739644681032 0.00020011388007769686
2.46645 0.00792 0.003066130384884525 0.00023034512774233642
2.47437 0.00792 0.003015701378702521 0.00021481163474486103
2.4823 0.00792 0.002992550505924414 0.00027567797285773805
2.49022 0.00792 0.00270369112373332 0.00021153233926712663
2.49815 0.00793 0.0032766261602066786 0.00023843857197146257
2.50607 0.00793 0.0029090422757104997 0.0002793937824819284
2.514 0.00793 0.0027674566497635183 0.0002315926979878577
2.52193 0.00793 0.002891123293393205 0.00024063584840387783
2.52985 0.00817 0.003089963019112103 0.0002667962749961007
2.53827 0.00867 0.0033539970132523546 0.00023089442031941598
2.54719 0.00892 0.003014348635163505 0.0002621087829980395
2.55611 0.00892 0.002919235156726128 0.00023869343171211335
2.56503 0.00892 0.002708516034781979 0.00022246749351140965
2.57395 0.00892 0.002948256059702801 0.0002603675635643483
2.58287 0.00892 0.002448728790516705 0.0002260818957562003
2.59178 0.00892 0.0028740579951793857 0.0002545007855008314
2.6007 0.00892 0.0028412316775335345 0.00025246427734456077
2.60962 0.00892 0.0027477332052078724 0.0002423269993634685
2.61854 0.00892 0.002564129403636144 0.0002636959436580475
2.62746 0.00892 0.0028239228117984665 0.00027979655418062973
2.63637 0.00892 0.002375308818213336 0.00025360856010481984
2.64529 0.00892 0.00250654614256149 0.00024800296741825785
2.6542 0.00892 0.0026618634992776774 0.0002666838703755786
2.66312 0.00891 0.002988933470220654 0.0002928441162275228
2.67203 0.00891 0.0031843788812565207 0.0002833146424233716
2.68095 0.00891 0.002594496974540248 0.00027392004390070494
2.68986 0.00891 0.00281278220667752 0.0002984360564345902
2.69877 0.00891 0.0028706835033548376 0.0002902811995269103
2.70768 0.00891 0.002249386998022061 0.0002827619004210378
2.71658 0.00891 0.0028650914359713065 0.00030623240224162074
2.72549 0.00891 0.003307432235199807 0.00028107440933627183
2.7344 0.0089 0.002818074266747216 0.000279454877907327
2.7433 0.0089 0.0029319357461104153 0.000292948523675288
2.7522 0.0089 0.002753228320190148 0.00032602115935798586
2.7611 0.0089 0.0032328623726907697 0.00031881383044950754
2.77 0.0089 0.0028561219297365717 0.00029548750655235674
2.77889 0.00889 0.0027827049706809085 0.00032442709165015525
2.78778 0.00889 0.0032698716547104084 0.00029888160572398874
2.79667 0.00889 0.0029491194863834557 0.00032477340061570884
2.80556 0.00888 0.002658234867222045 0.0003625485588271162
2.81444 0.00864 0.002952359135593108 0.0003378112847277286
2.82283 0.00839 0.002647071839899062 0.0003474662223554219
0.60331 0.00622 0.0014522788662500524 0.0008929021985295769
0.60953 0.00624 0.0030655991325657913 0.0008602584837789338
0.61578 0.00626 0.0020730903869652624 0.0008498186228339836
0.62206 0.00629 0.0025679700129435153 0.0007503115068606116
0.62837 0.00632 0.0030628496389217682 0.0006508043908872396
0.6347 0.00634 0.0027995543577844914 0.0004877150799416572
0.64105 0.00637 0.002791298841616191 0.0003989650709358734
0.64744 0.0064 0.0024409648792846268 0.0003067626297834781
0.65385 0.00642 0.0029763355544174673 0.00029752904174746116
0.66028 0.00645 0.00253070428754665 0.0002491251870658757
0.66674 0.00647 0.0027097031816348156 0.0002766560598947012
0.67322 0.0066 0.0027271685374025854 0.00027877316453910815
0.67994 0.00685 0.0029041915945131505 0.0002828350100632051
0.68691 0.00698 0.002958947744671705 0.00023687458084004672
0.6939 0.00701 0.0030041875407345324 0.00021437929472231394
0.70092 0.00703 0.002863867079509695 0.00019096360241261255
0.70797 0.00706 0.0031800891035027746 0.0001763821919247739
0.71504 0.00708 0.0030670841322310988 0.00019429261098807818
0.72213 0.0071 0.0027044721150506837 0.00018817206636031914
0.72924 0.00713 0.0027904463402319336 0.0002032717255082873
0.73638 0.00726 0.0026599496814284328 0.00015186572892931803
0.74377 0.00751 0.002802369730897421 0.0001397230401819038
0.75141 0.00765 0.002943216713135256 0.0001226888067976388
0.75907 0.00767 0.002923492433807682 0.00014452816377008776
0.76675 0.0077 0.002717511234763271 0.00015883014483547184
0.77446 0.00772 0.003070518221824274 0.00017025121345167553
0.78219 0.00774 0.0029135696533887185 0.00015512216677831566
0.78995 0.00776 0.002990592299043476 0.00015857177138896598
0.79772 0.00779 0.0028527927930680386 0.00016300407301715494
0.80552 0.00792 0.002807454521152568 0.00015052529473633637
0.81357 0.00817 0.002762116249237098 0.0001380465164555178
0.82187 0.00831 0.0028432859566973278 0.00015483420375153877
0.83019 0.00833 0.0029742761757796327 0.0001885696020461728
0.83854 0.00835 0.002933408822947241 0.00019396924677211178
0.8469 0.00837 0.002757003045214308 0.00018802788873112218
0.85528 0.00839 0.0027679023447939603 0.00020210859887782385
0.86369 0.00853 0.002773351994583786 0.00020914895395117468
0.87234 0.00878 0.002778801644373612 0.00021618930902452552
0.88125 0.00892 0.0024830647322078665 0.00021560621367108752
0.89018 0.008 0.0031520675093088327 0.00021874338961827607
0.89724 0.00706 0.0030919045267655382 0.0002927824845356333
1.672 0.004 0.0030130533164015355 4.3602053115017633e-05
1.676 0.004 0.002966044097077595 4.4707859502200475e-05
1.68 0.004 0.0029877008901011827 4.1029279629003664e-05
1.684 0.004 0.0030206502434374167 3.9573035378446296e-05
1.688 0.004 0.0029660259447366003 4.512426373068578e-05
1.692 0.004 0.0029720076022475652 4.210073841677467e-05
1.696 0.004 0.002995527043698794 4.225387363150142e-05
1.7 0.004 0.002957963601122747 4.1895613248342296e-05
1.704 0.004 0.00298144413815401 4.205421757529455e-05
1.708 0.004 0.002927081767854928 4.3011133271873225e-05
1.712 0.004 0.0030069162624849657 4.561000878292779e-05
1.716 0.004 0.0029394278730640907 4.9560833530464776e-05
1.72 0.004 0.0029944481595224506 4.574880498072877e-05
1.724 0.004 0.0030401465861886164 4.5561628413230394e-05
1.728 0.004 0.0029386880259739223 4.547116276943789e-05
1.732 0.004 0.0029852752456759157 4.669423333732216e-05
1.736 0.004 0.0030071393951738913 4.568174216661579e-05
1.74 0.004 0.0029799462277853876 4.367900138287331e-05
1.744 0.004 0.0029473558681678987 4.258810043051027e-05
1.748 0.004 0.0030073333244015135 4.331606958405287e-05
1.752 0.004 0.002941840383159042 4.2394706958223144e-05
1.756 0.004 0.003102760697726794 5.081579224093626e-05
1.76 0.004 0.002965551574958292 4.3946436908724784e-05
1.764 0.004 0.0030087335495185947 4.562008000456255e-05
1.768 0.004 0.0029296128335569317 4.547304181189527e-05
1.772 0.004 0.0029854264427681765 4.1389106272873944e-05
1.776 0.004 0.003129864279472799 4.344721278364409e-05
1.78 0.004 0.0029380042521830836 4.197490311152888e-05
1.784 0.004 0.0030315642042658187 4.39202226571308e-05
1.788 0.004 0.0030535387661050173 4.709211102327422e-05
1.792 0.004 0.0029961382375265095 4.2377288330399586e-05
1.796 0.004 0.002991071519031011 4.560775521901627e-05
1.8 0.004 0.0030388151661196175 4.4440688749323465e-05
1.804 0.004 0.0030348724410093875 4.2866816766033556e-05
1.808 0.004 0.002978598708277572 4.2574409528025934e-05
1.812 0.004 0.0030644176745698265 4.369255659254468e-05
1.816 0.004 0.002987696578511169 4.315831078469795e-05
1.82 0.004 0.002982343435844792 4.286070765835521e-05
1.824 0.004 0.003020700023640687 4.3297401955181896e-05
1.828 0.004 0.0029908488714646287 4.131568468770598e-05
1.832 0.004 0.002937219783961606 4.1764931131944737e-05
1.836 0.004 0.002951263716337705 4.401038137451464e-05
1.84 0.004 0.003003306473308706 4.390864457060708e-05
1.844 0.004 0.003154084042723619 4.5627926294780187e-05
1.848 0.004 0.0030517112252078826 4.4769001004351615e-05
1.852 0.004 0.0029264963993952233 4.478526874792528e-05
1.856 0.004 0.0029405798480679687 4.265894879497002e-05
1.86 0.004 0.0029389535175110165 4.1819663917857025e-05
1.864 0.004 0.0029979772100075627 4.4986199714606024e-05
1.868 0.004 0.002976411760349217 4.2687941899037044e-05
1.872 0.004 0.0029989803546873277 4.469471956035615e-05
1.876 0.004 0.0030052623022313787 4.354738028506478e-05
1.88 0.004 0.00298632793215269 4.108900435070344e-05
1.884 0.004 0.002985508637440032 4.41481752672418e-05
1.888 0.004 0.0029567593058262213 4.118349221301051e-05
1.892 0.004 0.0029832303385725865 4.2918769609569525e-05
1.896 0.004 0.0029495287184441044 4.2243123612731496e-05
1.9 0.004 0.002948981702045684 4.0851629517701977e-05
1.904 0.004 0.0029872792532324275 4.1548303066428686e-05
1.908 0.004 0.002963433875605208 4.020809204733297e-05
1.912 0.004 0.0029923481145823325 4.174083095750206e-05
1.916 0.004 0.0030597099564091835 4.284570428219815e-05
1.92 0.004 0.0030362068059701136 4.2065029280296434e-05
1.924 0.004 0.0030190600384188784 4.3200951310802776e-05
1.928 0.004 0.002946578820852689 4.6427696250276706e-05
1.932 0.004 0.002967585455187338 4.473156380910817e-05
1.936 0.004 0.0030734463499214344 4.133756872455665e-05
1.94 0.004 0.0029756277638184857 4.202401628133946e-05
1.944 0.004 0.0029726780704905724 4.5233506688380196e-05
1.948 0.004 0.0030008263700318488 4.3218594038629944e-05
1.952 0.004 0.0029708779694942056 4.241621678286843e-05
1.956 0.004 0.0029474021916619107 4.1807186216219915e-05
1.96 0.004 0.002956663368740056 4.068423565521161e-05
1.964 0.004 0.003017912441397382 4.0948210535060795e-05
1.968 0.004 0.0029973423823042643 4.2407962476296297e-05
1.972 0.004 0.0029839636043430544 4.0858858743285466e-05
1.976 0.004 0.0029891647888741785 4.4333322757720836e-05
1.98 0.004 0.002909410975788944 4.6753992397068234e-05
1.984 0.004 0.0030246337586827708 4.44181419668261e-05
1.988 0.004 0.002952682334724515 4.810721917216113e-05
1.992 0.004 0.003026577823928676 4.396995085366213e-05
1.996 0.004 0.0028788757494995726 4.111839172952981e-05
2.0 0.004 0.0030097691681465547 4.1274817563581964e-05
2.004 0.004 0.0030533706172697515 4.136783407891252e-05
2.008 0.004 0.0029523218555106345 4.467271619402306e-05
2.012 0.004 0.002915689591442774 4.256108292595467e-05
2.016 0.004 0.0029618144037530303 4.2303717186045426e-05
2.02 0.004 0.00298460283335507 4.3192193964115605e-05
2.024 0.004 0.0029104546295353204 4.264476331134545e-05
2.028 0.004 0.0030143129551301858 4.370540506759884e-05
2.032 0.004 0.0028821913704320267 4.206435515963064e-05
2.036 0.004 0.0028756129939827226 4.311005758557462e-05
2.04 0.004 0.0028818430236105946 4.0325757912224386e-05
2.044 0.004 0.0029568947893562603 4.160082604114466e-05
2.048 0.004 0.0028481626592099514 4.396786529385265e-05
2.052 0.004 0.002985158925886276 4.118135137167511e-05
2.056 0.004 0.002942816649450319 4.2414775157050755e-05
2.06 0.004 0.002956065175925101 4.317763596522144e-05
2.064 0.004 0.0029477010158549125 4.130439402682179e-05
2.068 0.004 0.002955833524748166 4.1523006318325314e-05
2.072 0.004 0.002869060570982205 4.4765625819749134e-05
2.076 0.004 0.002872637088371569 4.1310448930431636e-05
2.08 0.004 0.0028879818901873487 4.377718068036795e-05
2.084 0.004 0.002947679362687444 4.245236301616784e-05
2.088 0.004 0.002978212177868556 4.24023496069129e-05
2.092 0.004 0.0029715609514130437 4.4358975043485016e-05
2.096 0.004 0.0029717296290668964 4.1928069794717276e-05
2.1 0.004 0.0028410856403913555 4.139503297899295e-05
2.104 0.004 0.0028716812396893357 4.2452144393502864e-05
2.108 0.004 0.0029401379678945195 4.2199636023261646e-05
2.112 0.004 0.002970514115021796 4.080375714576391e-05
2.116 0.004 0.0029602576627530755 4.190264750171558e-05
2.12 0.004 0.00295408823453273 4.179363561278778e-05
2.124 0.004 0.0029228478186880285 4.284275738472161e-05
2.128 0.004 0.0029533278642727948 4.393088123250528e-05
2.132 0.004 0.002993287698256078 4.01831381375557e-05
2.136 0.004 0.002926646055537129 4.317691891313562e-05
2.14 0.004 0.002987680335917803 4.2126928510068084e-05
2.144 0.004 0.003031855220656974 4.33907425501717e-05
2.148 0.004 0.0029370577052853127 4.28365589500278e-05
2.152 0.004 0.0029711653823810483 4.1534784767525756e-05
2.156 0.004 0.002941697926490072 4.331632602936278e-05
2.16 0.004 0.002886294696997254 4.364499390304658e-05
2.164 0.004 0.0030408576948047694 4.194370524177083e-05
2.168 0.004 0.0029269787356964736 4.299590424572756e-05
2.172 0.004 0.003020126808952928 4.427143150301216e-05
2.176 0.004 0.003028781383765717 4.34677585761424e-05
2.18 0.004 0.0029194841190585035 4.56838469273804e-05
2.184 0.004 0.002901099191673856 4.237213278702567e-05
2.188 0.004 0.0029093698629820437 4.211638373481668e-05
2.272 0.004 0.003053151085426876 4.235455621865781e-05
2.276 0.004 0.003006794780263104 4.245232667200893e-05
2.28 0.004 0.0029660039026120134 4.3208338650493414e-05
2.284 0.004 0.0030449384112259427 4.315351195615255e-05
2.288 0.004 0.0030770443626103624 4.209185071999578e-05
2.292 0.004 0.0030393873414597764 4.3476971110851606e-05
2.296 0.004 0.0030023607608206785 4.455690123168669e-05
2.3 0.004 0.0030468980314686217 4.3302690249816024e-05
2.304 0.004 0.0030724378290149304 4.299095978533285e-05
2.308 0.004 0.002984154043996587 4.5164643407290516e-05
2.312 0.004 0.00301487511970602 4.437277619752528e-05
2.316 0.004 0.00306644089012554 4.4036015109491305e-05
2.32 0.004 0.0030614892680529515 4.393555095848595e-05
2.324 0.004 0.0031121777373921194 4.597440069933726e-05
2.328 0.004 0.0031347475378730697 4.6610857260723125e-05
2.332 0.004 0.003100322137089289 4.481438044176e-05
2.336 0.004 0.0029506622207566297 4.61521260978239e-05
2.34 0.004 0.0030330395304805193 4.427143294034616e-05
2.344 0.004 0.0030410928026356676 4.5660385814907156e-05
2.348 0.004 0.0031110641990633823 4.492408279600911e-05
2.352 0.004 0.0030263570024075693 4.7762356816384735e-05
2.356 0.004 0.003021291662240366 4.725745279453847e-05
2.36 0.004 0.0030340021039508337 4.554278467017083e-05
2.364 0.004 0.0029579709615710145 4.472637707652914e-05
2.368 0.004 0.0029827432028837293 4.545732901392773e-05
2.372 0.004 0.0030094658845521887 4.559056295461074e-05
2.376 0.004 0.0029616062430758727 4.5431283720213304e-05
2.38 0.004 0.0030433035919925967 4.4359148848001104e-05
2.384 0.004 0.0030368838444093747 4.8990967869430296e-05
2.388 0.004 0.0029365535476050517 4.739797265637211e-05
2.392 0.004 0.0030108340028104402 4.819969911791366e-05
2.396 0.004 0.0031013563450994503 5.083242670764783e-05
2.4 0.004 0.003160342579473389 4.620322779929876e-05
2.404 0.004 0.0029224530264473332 4.7897768002056284e-05
2.408 0.004 0.0030115751889758092 4.736115212967531e-05
2.412 0.004 0.0030108046802763124 4.949389356893357e-05
2.416 0.004 0.002817406260602371 4.945244879710741e-05
2.42 0.004 0.0029786663535881354 4.852833446180713e-05
2.424 0.004 0.00309115967775394 4.715304921775192e-05
2.428 0.004 0.0028658872607151943 5.118402236727356e-05
2.432 0.004 0.003020145483674061 4.905121214446968e-05
2.436 0.004 0.003072010686844188 5.0115352415663e-05
2.44 0.004 0.0029533157739069452 4.87155735547106e-05
2.444 0.004 0.003006980070714744 4.841237841291305e-05
2.448 0.004 0.0031152007400974914 5.004631453706321e-05
2.452 0.004 0.002987349612604146 5.1879749319226163e-05
2.456 0.004 0.0029558549171059875 4.9653447539405804e-05
2.46 0.004 0.0031183366092478577 5.069089691060969e-05
2.464 0.004 0.0030057952237183654 4.81542195275744e-05
2.468 0.004 0.0029148568572776755 4.972414969303138e-05
2.472 0.004 0.0029158849785839336 5.145911960024628e-05
2.476 0.004 0.002952630932360318 5.1571323610868515e-05
2.48 0.004 0.002965585796458272 5.225681455822592e-05
2.484 0.004 0.0030757565369478237 5.2598887312534436e-05
2.488 0.004 0.0030166009464776943 5.2675080200018555e-05
2.492 0.004 0.002954308447285441 5.243285876700308e-05
2.496 0.004 0.0029874423553784488 5.2475775752659946e-05
2.5 0.004 0.0030099085090228798 5.3323464076450944e-05
2.504 0.004 0.003111561113860166 5.392138868604401e-05
2.508 0.004 0.0030171615100207205 5.096788839401914e-05
2.512 0.004 0.0029821610849718677 5.402460844656279e-05
2.516 0.004 0.003088817057412872 5.411438788136017e-05
2.52 0.004 0.0029755471593228503 5.9049599784974315e-05
2.524 0.004 0.003066656679419394 5.510929437989548e-05
2.528 0.004 0.0030111262569438506 5.472194831391471e-05
2.532 0.004 0.0030253362358469604 5.401981478218299e-05
2.536 0.004 0.002984632322508501 5.516970426658206e-05
2.54 0.004 0.003045263168685016 5.639371222937237e-05
2.544 0.004 0.002878990777371618 5.538478811280667e-05
2.548 0.004 0.003073419246986454 5.6563607656704394e-05
2.552 0.004 0.0030405244065085813 5.485208441367064e-05
2.556 0.004 0.0030631770021877563 5.53614950393985e-05
2.56 0.004 0.002907911908692208 5.714918972972626e-05
2.564 0.004 0.003024129756839266 5.648658203958185e-05
2.568 0.004 0.0029677124489681664 5.7340561819350614e-05
2.572 0.004 0.002941840611479819 5.442628521674705e-05
2.576 0.004 0.0029580423708479905 5.674190280488688e-05
2.58 0.004 0.0030987570904575977 5.605151453135399e-05
2.584 0.004 0.0029816810607638656 5.642163189739645e-05
2.588 0.004 0.0029907708682786406 5.68718307784898e-05
2.592 0.004 0.0028225968741114756 5.963735035480659e-05
2.596 0.004 0.0029880011943658417 5.772799997398062e-05
2.6 0.004 0.0031169364711357505 5.955813929747009e-05
2.604 0.004 0.0029807831098749766 5.6551482741238234e-05
2.608 0.004 0.0029541090510180773 5.684189566984731e-05
2.612 0.004 0.002992392687277562 5.4249511453829885e-05
2.616 0.004 0.002955240197546722 5.7866743734139356e-05
2.62 0.004 0.003032135815450833 5.846029667917484e-05
2.624 0.004 0.002982239371844545 5.806058933069067e-05
2.628 0.004 0.002932651381086009 5.6354178764756303e-05
2.632 0.004 0.0030771540121769777 5.576154997506351e-05
2.636 0.004 0.0030040811346537656 5.4628801829207536e-05
2.64 0.004 0.0029688177806652047 5.687362957519549e-05
2.644 0.004 0.0030052643115191452 5.7005446837072484e-05
2.648 0.004 0.0030284990903474166 5.816456650896145e-05
2.652 0.004 0.002861955183818738 5.648220245452742e-05
2.656 0.004 0.002958244370029959 6.03146232604989e-05
2.66 0.004 0.0029951151209372095 5.624619323562437e-05
2.664 0.004 0.0030586288698435738 5.64757878522984e-05
2.668 0.004 0.0029800756812684284 5.9894261123724815e-05
2.672 0.004 0.0030645131348258406 5.882285172054206e-05
2.676 0.004 0.0029950586939224946 5.9595186382532205e-05
2.68 0.004 0.0029826664895046275 6.016169621427915e-05
2.684 0.004 0.0030370717097693966 5.678609030759915e-05
2.688 0.004 0.0031039239155716105 5.811923936115377e-05
2.692 0.004 0.0030689170515417865 6.313126551170408e-05
2.696 0.004 0.003045845447251698 5.995071497404435e-05
2.7 0.004 0.0030012702290745006 6.015684233800773e-05
2.704 0.004 0.0028721320231261285 6.169758974057921e-05
2.708 0.004 0.0030352334840528226 6.202863681193926e-05
2.712 0.004 0.002935196624696163 6.329281180496973e-05
2.716 0.004 0.0029824355856868743 6.39235338591767e-05
2.72 0.004 0.002935452092332498 6.655598835616632e-05
2.724 0.004 0.0029555247380871107 6.367304634388016e-05
2.728 0.004 0.002921924780153151 6.402848055894182e-05
2.732 0.004 0.002871968298569231 6.77247780112642e-05
2.736 0.004 0.003132829444424452 6.594578356582321e-05
2.74 0.004 0.002958071439841054 6.524112227548147e-05
2.744 0.004 0.0030357536380375603 6.600318292600022e-05
2.748 0.004 0.002941733607072936 6.556224048981728e-05
2.752 0.004 0.0029144021897747315 7.028306748929211e-05
2.756 0.004 0.0030735533270894386 6.94203147738502e-05
2.76 0.004 0.0029873649968710243 6.6551909318516e-05
2.764 0.004 0.0029934561600731347 6.718351694174639e-05
2.768 0.004 0.002892370466040358 6.647910173900378e-05
2.772 0.004 0.0029545638065760164 7.065080471766248e-05
2.776 0.004 0.0028325803467039285 6.944963935756646e-05
2.78 0.004 0.0030287540575063116 6.908641285303165e-05
2.784 0.004 0.0030963147420698437 6.928723758204296e-05
2.788 0.004 0.0030964135970047504 7.090695762341786e-05
2.792 0.004 0.0030105724760128368 6.711576909401188e-05
2.796 0.004 0.0030118038254965417 6.954863147604575e-05
2.8 0.004 0.0029571562431543017 6.891698020036352e-05
2.804 0.004 0.0029401103880107742 7.357702574012108e-05
2.808 0.004 0.0031167456203145716 6.86129759855841e-05
2.812 0.004 0.00296119587547137 7.209206342325817e-05
2.816 0.004 0.002889293042603219 7.256919565021089e-05
2.82 0.004 0.0029494417840155262 7.008301533661124e-05
2.824 0.004 0.0029989504166925236 7.573435908945642e-05
2.828 0.004 0.00280890528545359 7.279160696103814e-05
2.832 0.004 0.0029914016985061373 7.140337944223931e-05
2.836 0.004 0.0028338436972885307 6.98393112889393e-05
2.84 0.004 0.0028237955011024317 7.013872059242805e-05
2.844 0.004 0.002824683247498419 6.973880148633088e-05
2.848 0.004 0.0029373819019894464 7.164025578925039e-05
2.852 0.004 0.003003864371821097 7.412134004547702e-05
2.856 0.004 0.0028689503534158915 7.23960182606831e-05
2.86 0.004 0.0029789693815652314 7.514087596018549e-05
2.864 0.004 0.0028803288355039283 7.020374568746019e-05
2.868 0.004 0.0029234461409980796 7.169092553198592e-05
2.872 0.004 0.00302958900648125 7.719773001087305e-05
2.876 0.004 0.0030677403473575566 7.208836346702718e-05
2.88 0.004 0.0029409270827003954 7.110500901952275e-05
2.884 0.004 0.0029387456441100188 7.270207384659298e-05
2.888 0.004 0.0027686081417969484 7.323820728945109e-05
2.892 0.004 0.0030727711689855753 7.256067788543723e-05
2.896 0.004 0.002951985950614475 7.194471728189913e-05
2.9 0.004 0.002964147600582541 7.450002637758495e-05
2.904 0.004 0.002896058933725781 7.226611235478227e-05
2.908 0.004 0.002855229072432738 7.746313905659507e-05
2.912 0.004 0.002927207768445478 7.546906183254984e-05
2.916 0.004 0.0028379013648466896 7.394612075062033e-05
2.92 0.004 0.0029201077568626727 7.276843727614435e-05
2.924 0.004 0.0030476422360881856 7.328568673126784e-05
2.928 0.004 0.0028990208985992146 7.983574096309601e-05
2.932 0.004 0.0029352600060361333 7.577797100405376e-05
2.936 0.004 0.003111152788187983 7.554402950647102e-05
2.94 0.004 0.0029567491866600076 7.30770534957982e-05
2.944 0.004 0.002831623912376975 7.542107470287732e-05
2.948 0.004 0.003053279193055692 7.449605297635511e-05
2.952 0.004 0.003005997272548944 7.434480150632784e-05
2.956 0.004 0.0030627897797001757 7.882285835451665e-05
2.96 0.004 0.0029981175582064388 7.452220618400469e-05
2.964 0.004 0.0030386371660829667 7.56985994815325e-05
2.968 0.004 0.0028917121185370585 7.62081167597662e-05
2.972 0.004 0.003014178160426034 7.437019856980175e-05
2.976 0.004 0.003014909275343762 7.501412330016013e-05
2.98 0.004 0.002833499738816783 7.497664054954546e-05
2.984 0.004 0.002917893046614011 7.936763015468217e-05
2.988 0.004 0.0030770777613050864 7.740735107434563e-05
2.992 0.004 0.0029175394435044075 7.43443123637139e-05
2.996 0.004 0.002904203465189247 8.00607477989775e-05
3.0 0.004 0.002945158069589017 7.518467381845224e-05
3.004 0.004 0.002884114081416484 7.500337135079614e-05
3.008 0.004 0.0029044730398873615 9.572512786700147e-05
3.012 0.004 0.0030733771581166434 7.844333485338662e-05
3.016 0.004 0.0029484791875981327 7.307854304953745e-05
3.02 0.004 0.0029699962148604328 7.521850132959105e-05
3.024 0.004 0.002934285838559408 7.621534971073554e-05
3.028 0.004 0.003101455502357996 8.136672757499941e-05
3.032 0.004 0.0030118676847961656 7.749746118526373e-05
3.036 0.004 0.0028907124461446084 7.284863685461744e-05
3.04 0.004 0.00297272795172915 7.696218928269386e-05
3.044 0.004 0.0029569866393156347 7.648953679974962e-05
3.048 0.004 0.0031551444781269806 7.985558056370048e-05
3.052 0.004 0.0028639759502326373 7.66592640590418e-05
3.056 0.004 0.0029167173269914696 7.567852366528121e-05
3.06 0.004 0.0029640005516927393 7.440479797158616e-05
3.064 0.004 0.002891806125296167 8.166412018982171e-05
3.068 0.004 0.0027446643391379408 0.0001253128652100993
2.872 0.004 0.002964684618005734 6.759875880774111e-05
2.876 0.004 0.002932832835489246 6.311502176807299e-05
2.88 0.004 0.0029597544042607934 6.473603352752381e-05
2.884 0.004 0.0029652100656732236 6.525435786852187e-05
2.888 0.004 0.002883227192127847 6.592281442229555e-05
2.892 0.004 0.0028416013841399074 6.362395999331859e-05
2.896 0.004 0.0029142831202971673 6.219766796973448e-05
2.9 0.004 0.0028734811903876737 6.802620992317323e-05
2.904 0.004 0.0028579241464378393 6.792388290724661e-05
2.908 0.004 0.0029043911102075723 6.62515912585856e-05
2.912 0.004 0.003056905187547778 6.802980023326782e-05
2.916 0.004 0.0029110861714973994 6.196157786469091e-05
2.92 0.004 0.0028480345977675778 6.05667931465351e-05
2.924 0.004 0.002947454400395148 6.223755380982938e-05
2.928 0.004 0.002812129444695859 6.374708636957691e-05
2.932 0.004 0.002891135997951869 5.87464848479601e-05
2.936 0.004 0.0028373583815589454 6.13665288102808e-05
2.94 0.004 0.0029384082737589517 5.797354896755796e-05
2.944 0.004 0.002938904841039851 6.16882500545745e-05
2.948 0.004 0.002984260309250624 5.903595826645246e-05
2.952 0.004 0.0029098293085538253 5.681818773932188e-05
2.956 0.004 0.0030176685751292552 5.756711415918689e-05
2.96 0.004 0.002942901537393384 5.7839840709424826e-05
2.964 0.004 0.0029792693227260166 5.8589178769979124e-05
2.968 0.004 0.003036464043061984 6.491018629888868e-05
2.972 0.004 0.0030938207801831904 5.7015866203991796e-05
2.976 0.004 0.0028916205536107346 5.9659870382550646e-05
2.98 0.004 0.003002314373365047 5.761872784901734e-05
2.984 0.004 0.0029643208729681304 5.8046770892964846e-05
2.988 0.004 0.0029819443951988643 5.9359436746237813e-05
2.992 0.004 0.002970860006908511 5.476754516631178e-05
2.996 0.004 0.0028668076991174843 5.633955672210216e-05
3.0 0.004 0.0029544500100822193 5.776749086724092e-05
3.004 0.004 0.0028984912723581512 5.876473314080783e-05
3.008 0.004 0.0030608700601423094 5.4678200486320566e-05
3.012 0.004 0.0029532227958304043 5.6164663435853915e-05
3.016 0.004 0.0029869969672173193 5.819097709073686e-05
3.02 0.004 0.0028921966916371695 6.200944494426387e-05
3.024 0.004 0.002883801530882184 5.576762478658758e-05
3.028 0.004 0.002888000819092846 5.608478168682863e-05
3.032 0.004 0.00291430502472993 5.63538967591638e-05
3.036 0.004 0.0029246478709246257 5.433408343590856e-05
3.04 0.004 0.003003461575846606 5.3875783828220945e-05
3.044 0.004 0.0029400884409553738 5.5084910511683766e-05
3.048 0.004 0.0028880206707142166 5.691454195214312e-05
3.052 0.004 0.0029359307202835986 5.6215524195650736e-05
3.056 0.004 0.002890775425929432 5.5564781203189064e-05
3.06 0.004 0.00297893023230916 5.765819694319608e-05
3.064 0.004 0.0030025662007391006 5.738093972473584e-05
3.068 0.004 0.0028910095434732256 5.552055926607412e-05
3.072 0.004 0.002795077143324932 5.617627443362762e-05
3.076 0.004 0.002942519796760637 5.445642709737514e-05
3.08 0.004 0.0028540349265091325 5.283640448489159e-05
3.084 0.004 0.0028419171802422667 5.414825714861454e-05
3.088 0.004 0.002931498241861426 5.4688538757275184e-05
3.092 0.004 0.003062493079546169 5.790589207650513e-05
3.096 0.004 0.0028879453100060207 5.374328058293991e-05
3.1 0.004 0.0028429932760626548 5.557543868901196e-05
3.104 0.004 0.002902612438129995 5.366036933667664e-05
3.108 0.004 0.003052537626958522 5.714080358594225e-05
3.112 0.004 0.0030080732754330978 5.412470682909151e-05
3.116 0.004 0.0029845097727331116 5.7732478406267206e-05
3.12 0.004 0.0029497376633523154 5.947553559209533e-05
3.124 0.004 0.002980225222443046 5.4903029459207215e-05
3.128 0.004 0.002910491421957019 5.418980230160094e-05
3.132 0.004 0.0029460089923292127 5.642290196619511e-05
3.136 0.004 0.0028992861010172194 5.5878032640365924e-05
3.14 0.004 0.0028652976144697955 5.316669229627396e-05
3.144 0.004 0.00293431449395477 5.5960128275416005e-05
3.148 0.004 0.002899791726029245 5.5350378618775983e-05
3.152 0.004 0.0029142137250363054 5.366321812354246e-05
3.156 0.004 0.003073566860268493 5.365715835126299e-05
3.16 0.004 0.0029536612994523126 5.406980431596942e-05
3.164 0.004 0.002893178450885534 5.1927480209450125e-05
3.168 0.004 0.0029843130495904708 5.387780095457968e-05
3.172 0.004 0.0029605517115249423 5.4972474092497785e-05
3.176 0.004 0.003000282035629573 5.485637350081817e-05
3.18 0.004 0.0030844811329465726 5.887889775725132e-05
3.184 0.004 0.0028405942757751264 5.370199871490955e-05
3.188 0.004 0.002909147960488184 5.3444354498984684e-05
3.192 0.004 0.003096264307402443 5.7417999946996844e-05
3.196 0.004 0.0030405477392403714 5.415152704119188e-05
3.2 0.004 0.0029229882648282007 5.46204547249086e-05
3.204 0.004 0.0029729036468661976 5.576969051701628e-05
3.208 0.004 0.00302264774765965 5.283330506352791e-05
3.212 0.004 0.00292350059755865 5.556303228787897e-05
3.216 0.004 0.0029933411084551234 5.63448292857867e-05
3.22 0.004 0.0030008400391496586 5.60375059327477e-05
3.224 0.004 0.002994619959354037 5.425500692558483e-05
3.228 0.004 0.003010628928412415 5.972615357243788e-05
3.232 0.004 0.0029767411767853223 5.534958993267416e-05
3.236 0.004 0.0030191560137568653 5.6218390160716956e-05
3.24 0.004 0.0029793435272138934 5.550374174843787e-05
3.244 0.004 0.0029508136103045027 5.5090243325109135e-05
3.248 0.004 0.0030396354582146704 5.4786491424107496e-05
3.252 0.004 0.0030695071816320097 5.254364101367044e-05
3.256 0.004 0.002961502458417532 5.604058651081439e-05
3.26 0.004 0.0030355338542955254 5.358734222214647e-05
3.264 0.004 0.002973303078851186 5.547911305002867e-05
3.268 0.004 0.0030164096558215193 5.514060267224022e-05
3.272 0.004 0.002947709284295836 5.777498025973158e-05
3.276 0.004 0.003073360088482311 5.381911846022989e-05
3.28 0.004 0.002960426251373298 5.3933835773364084e-05
3.284 0.004 0.002858849465611058 5.4379525269749783e-05
3.288 0.004 0.0030577421316908184 5.3425234394816996e-05
3.292 0.004 0.0030475343531772545 5.144278300442191e-05
3.296 0.004 0.0030075789819789134 5.3191379685522415e-05
3.3 0.004 0.002979425458403849 5.280598222301524e-05
3.304 0.004 0.003014080330091867 5.239742832085126e-05
3.308 0.004 0.0029336114636004354 5.375540508339821e-05
3.312 0.004 0.0029964389880222835 5.63619649685466e-05
3.316 0.004 0.003048075882563285 5.387604913580815e-05
3.32 0.004 0.0030669988254434185 5.7091074428844645e-05
3.324 0.004 0.003120633795324049 5.427158835841012e-05
3.328 0.004 0.002992812509232513 5.3723562770689886e-05
3.332 0.004 0.0030638502116119163 5.2941124649667866e-05
3.336 0.004 0.0030146408274787963 5.484885935620238e-05
3.34 0.004 0.002921610744220949 5.501285423759773e-05
3.344 0.004 0.0031087481454547105 5.496171078207991e-05
3.348 0.004 0.0029787427738127386 5.377260123253323e-05
3.352 0.004 0.0030440570508759013 5.24344158381282e-05
3.356 0.004 0.0029953856546379638 5.396902195390372e-05
3.36 0.004 0.0029443815326141557 5.5381136568698804e-05
3.364 0.004 0.002983527394103615 5.618441573112965e-05
3.368 0.004 0.0030472702053761258 5.72304765678715e-05
3.372 0.004 0.0029225975018998445 5.552618980897496e-05
3.376 0.004 0.0030015141581220565 5.3260753865235057e-05
3.38 0.004 0.0030466916175461846 5.53557528140361e-05
3.384 0.004 0.0030459739811121845 5.413080957689985e-05
3.388 0.004 0.0029050779923880865 5.304929855913255e-05
3.392 0.004 0.0029180032704426645 5.4662177021994264e-05
3.396 0.004 0.003036476003195185 5.489935598102116e-05
3.4 0.004 0.0030056475469181876 5.2986569296601936e-05
3.404 0.004 0.002936346627014219 5.5785516387720116e-05
3.408 0.004 0.003007777740000478 5.255201377786058e-05
3.412 0.004 0.0030728929771807524 5.5293255971718127e-05
3.416 0.004 0.0030221612417944506 5.625835961168463e-05
3.42 0.004 0.003080794576906763 5.5563941567388175e-05
3.424 0.004 0.003004928331081787 5.36916977031346e-05
3.428 0.004 0.0029500165690783983 5.396692224044314e-05
3.432 0.004 0.003008224535860505 5.450244514154826e-05
3.436 0.004 0.0029534107458468613 5.29270515204393e-05
3.44 0.004 0.003045290949092341 5.391519960334375e-05
3.444 0.004 0.002972018925719011 5.3727249340557643e-05
3.448 0.004 0.0029896869561184874 5.364372872024584e-05
3.452 0.004 0.0030439695050251615 5.345711049792423e-05
3.456 0.004 0.0029100496979646267 5.462884117853018e-05
3.46 0.004 0.0029628049259733473 5.4448754805520866e-05
3.464 0.004 0.0029765813232328245 5.681592039865861e-05
3.468 0.004 0.002865627558127689 5.603545220586324e-05
3.472 0.004 0.0029505499625478407 5.204928397436126e-05
3.476 0.004 0.003026108325127736 5.32995324352349e-05
3.48 0.004 0.003048734486306091 5.6821569215105474e-05
3.484 0.004 0.0031279646398414958 5.363670936330736e-05
3.488 0.004 0.003053058052195247 5.395197591145227e-05
3.492 0.004 0.0029910219372116793 5.373570231703283e-05
3.496 0.004 0.002965277371189735 6.357603663799524e-05
3.5 0.004 0.0030050872500747105 5.598165971472847e-05
3.504 0.004 0.003006077680607414 5.349050237595187e-05
3.508 0.004 0.002968260765587098 5.420010657919095e-05
3.512 0.004 0.002999735049451354 5.466714238623977e-05
3.516 0.004 0.0030116438786168373 5.528655952549646e-05
3.52 0.004 0.0030358709250830657 5.6837193515058204e-05
3.524 0.004 0.0030030981776332823 5.656862632705476e-05
3.528 0.004 0.0030279221092726952 5.65978998681568e-05
3.532 0.004 0.003066437948481319 5.482672590449231e-05
3.536 0.004 0.0029908266002391616 6.175227097153724e-05
3.54 0.004 0.0029260131101208633 5.414268445308704e-05
3.544 0.004 0.0030564542750912333 5.312942815628844e-05
3.548 0.004 0.0030694665015836816 5.4332361437333514e-05
3.552 0.004 0.002948835320003627 5.582258614172614e-05
3.556 0.004 0.0029640852099045165 5.44755969358439e-05
3.56 0.004 0.0029474253499559766 5.4361735675897e-05
3.564 0.004 0.0030138496427969696 5.7017388588293724e-05
3.568 0.004 0.0029784604476850505 5.5446143005001115e-05
3.572 0.004 0.003000940117091496 5.4149958496966814e-05
3.576 0.004 0.003024856944057181 5.4787111109219565e-05
3.58 0.004 0.0028825836582269523 5.639057079726558e-05
3.584 0.004 0.0030543014869904572 5.578030209469025e-05
3.588 0.004 0.0030732793689406605 5.746055611369969e-05
3.592 0.004 0.002887155023837055 5.65830179704925e-05
3.596 0.004 0.0027991710718781883 5.4274817386496896e-05
3.6 0.004 0.002934526478052543 5.4294374214252554e-05
3.604 0.004 0.003008587181598805 5.524296360138377e-05
3.608 0.004 0.0029700017390173208 5.6216996237828796e-05
3.612 0.004 0.0029927981324458282 5.621794335286036e-05
3.616 0.004 0.0029449260091425327 5.5913859738997494e-05
3.62 0.004 0.002952373783714088 5.709647539199125e-05
3.624 0.004 0.0029503458165253842 5.513240899929471e-05
3.628 0.004 0.0030488690257605656 5.7006644302388964e-05
3.632 0.004 0.0029735157978571366 5.730661090721143e-05
3.636 0.004 0.0029523184769020493 5.578699454227129e-05
3.64 0.004 0.0029213492348497006 5.5200794918678855e-05
3.644 0.004 0.002901364792438803 5.637135554923022e-05
3.648 0.004 0.0029387409018365542 5.649415489108986e-05
3.652 0.004 0.0030596659195544257 6.208863239674609e-05
3.656 0.004 0.002963836081202859 5.623455510129501e-05
3.66 0.004 0.0030414754624800513 6.064325004732139e-05
3.664 0.004 0.002937515435505622 5.659607780758719e-05
3.668 0.004 0.002874856343997289 5.746292022169538e-05
3.672 0.004 0.0028441571871369127 5.670490901653134e-05
3.676 0.004 0.0028771699846254256 5.5047410400047025e-05
3.68 0.004 0.0030694905810861894 6.170378629481786e-05
3.684 0.004 0.0030563194664702167 5.8937923270207074e-05
3.688 0.004 0.002967917928536869 5.608000453597018e-05
3.692 0.004 0.0029193537688246203 5.7393242424212314e-05
3.696 0.004 0.003032618243981249 5.791564241390582e-05
3.7 0.004 0.002908202846798296 5.8057210070561325e-05
3.704 0.004 0.0030233350223579487 5.674053609221408e-05
3.708 0.004 0.0031252383178552896 5.9137267258421624e-05
3.832 0.004 0.0028317225772527543 5.877758930618374e-05
3.836 0.004 0.0028768906516485927 5.930526091880942e-05
3.84 0.004 0.002923869313559984 6.0232591709788204e-05
3.844 0.004 0.00288107689113556 5.6914539376662174e-05
3.848 0.004 0.0028142212396923424 5.867934361029667e-05
3.852 0.004 0.0030121030062026243 5.957439809339097e-05
3.856 0.004 0.0028767402258716985 6.084916179335539e-05
3.86 0.004 0.002942211055901115 5.892118362341648e-05
3.864 0.004 0.0028619678722524035 6.244239237478518e-05
3.868 0.004 0.002883531716257007 6.1241681981894e-05
3.872 0.004 0.0030432640842609792 6.155874942698058e-05
3.876 0.004 0.002992968106625339 6.415739963764245e-05
3.88 0.004 0.0029313243755950493 6.0074814781783093e-05
3.884 0.004 0.002902834550010846 5.9667202174260016e-05
3.888 0.004 0.0029113848455296965 6.298173365770957e-05
3.892 0.004 0.003032844244879895 6.0874585488149737e-05
3.896 0.004 0.002851888514161912 6.246645583115209e-05
3.9 0.004 0.0029865283225422126 6.117032642462847e-05
3.904 0.004 0.0029471382897491897 6.304345741476665e-05
3.908 0.004 0.002918163570431392 6.0264770971033133e-05
3.912 0.004 0.0028207938877565886 6.224687845997767e-05
3.916 0.004 0.0028434870306069935 5.965413383270017e-05
3.92 0.004 0.002882060327378772 6.224981739560031e-05
3.924 0.004 0.002967668110338887 6.099041294658444e-05
3.928 0.004 0.002895964955321848 6.308494204157145e-05
3.932 0.004 0.0029869057865001933 6.40568426295709e-05
3.936 0.004 0.002894310829139428 6.0994512247908884e-05
3.94 0.004 0.002952917590544453 6.223729422025166e-05
3.944 0.004 0.002960124141597737 6.137934389218884e-05
3.948 0.004 0.0029752969262656337 6.197975994968648e-05
3.952 0.004 0.0029560797106766303 6.244504784256581e-05
3.956 0.004 0.002864180644571503 6.22384080354132e-05
3.96 0.004 0.0029252524528170366 6.297236575146864e-05
3.964 0.004 0.0027798107547687013 6.311492030223403e-05
3.968 0.004 0.0027642697359883026 6.32914060995427e-05
3.972 0.004 0.0028816807722085854 6.221910857790885e-05
3.976 0.004 0.002904210986366764 6.403470375388353e-05
3.98 0.004 0.0030654497908598937 6.838554562530556e-05
3.984 0.004 0.002976029125435076 6.50621433958908e-05
3.988 0.004 0.0028053225649463725 6.401976400001989e-05
3.992 0.004 0.002864662759523174 6.65873200544505e-05
3.996 0.004 0.0030409389052448057 6.60149291458382e-05
4.0 0.004 0.002893176182203484 6.435784864947015e-05
4.004 0.004 0.0026803442329348527 6.392627707448301e-05
4.008 0.004 0.0028511303480080754 6.471331943956066e-05
4.012 0.004 0.002835305271288227 6.516711746248612e-05
4.016 0.004 0.002964272724462534 6.536355076382369e-05
4.02 0.004 0.0029124449041618952 6.411237497911266e-05
4.024 0.004 0.002945899115698658 6.584427485046627e-05
4.028 0.004 0.002846918500011797 6.442163352272606e-05
4.032 0.004 0.0029632516549236948 6.438293495399805e-05
4.036 0.004 0.003013704750949307 6.592338320873665e-05
4.04 0.004 0.002945392511931265 6.707146957777943e-05
4.044 0.004 0.0028217118668350657 6.867530283229509e-05
4.048 0.004 0.0028449357761356 6.503327183651472e-05
4.052 0.004 0.002988608661699633 6.530166900673067e-05
4.056 0.004 0.0028859231670105637 6.604840182769556e-05
4.06 0.004 0.002823692978359685 6.844556072468958e-05
4.064 0.004 0.002967785542262253 6.644528752674326e-05
4.068 0.004 0.002838600530351736 7.198644617379219e-05
4.072 0.004 0.002954797625089157 6.781583527012623e-05
4.076 0.004 0.0029506354379796183 6.780914495516793e-05
4.08 0.004 0.0029355647300004354 6.778208802155723e-05
4.084 0.004 0.0029058943301191807 6.917549489011795e-05
4.088 0.004 0.0028584730196339024 6.916764716762671e-05
4.092 0.004 0.0029177276575677205 6.795934982094529e-05
4.096 0.004 0.002952740381696809 6.92244353017952e-05
4.1 0.004 0.0028734751190019176 6.919987944251373e-05
4.104 0.004 0.0028426610854600603 6.902554566793507e-05
4.108 0.004 0.002827043597603595 6.75848137026957e-05
4.112 0.004 0.0028544414609272795 6.915092800486748e-05
4.116 0.004 0.002915387586473675 6.846620030619964e-05
4.12 0.004 0.0028446872890717716 7.095059024819501e-05
4.124 0.004 0.0028434498128672436 6.97874575480118e-05
4.128 0.004 0.002919553170163382 7.11714150103006e-05
4.132 0.004 0.0029832587714509096 6.922416826249202e-05
4.136 0.004 0.0027961927564385093 7.036029608643339e-05
4.14 0.004 0.002929091221267478 6.922232360499809e-05
4.144 0.004 0.0029121446407273646 7.020873145741959e-05
4.148 0.004 0.0029371819276635914 7.044655942815623e-05
4.152 0.004 0.0028798644360855715 7.070857295487506e-05
4.156 0.004 0.002858205724507338 7.206802296703705e-05
4.16 0.004 0.002889396638975412 7.340010730803757e-05
4.164 0.004 0.0029174119246797065 7.125083651390774e-05
4.168 0.004 0.0030133385234299512 7.355797333141715e-05
4.172 0.004 0.0029391549874479435 7.150350323356171e-05
4.176 0.004 0.002875276210560439 7.140537900597953e-05
4.18 0.004 0.0028959846444677304 7.137732742410834e-05
4.184 0.004 0.0030071464855957516 7.203629537367268e-05
4.188 0.004 0.0028830621123037605 7.210522722156666e-05
4.192 0.004 0.0029055430445205856 7.447221241402295e-05
4.196 0.004 0.0030389635194025123 7.37685973283418e-05
4.2 0.004 0.003053285804573775 7.28337264595302e-05
4.204 0.004 0.002919983014849715 7.604339647757597e-05
4.208 0.004 0.003014383431306701 7.386504110357082e-05
4.212 0.004 0.0029830145801719135 7.647741748105044e-05
4.216 0.004 0.0028258566680705844 7.2808680834056e-05
4.22 0.004 0.002958916427660028 7.350643521894034e-05
4.224 0.004 0.0028688830814295875 7.455929140538088e-05
4.228 0.004 0.002945459820985182 7.499072843870063e-05
4.232 0.004 0.0030272164083298627 7.47611847096217e-05
4.236 0.004 0.002845155535864646 7.322252488364619e-05
4.24 0.004 0.0028382565066152362 7.383045728262397e-05
4.244 0.004 0.003004420528487234 7.59944800191805e-05
4.248 0.004 0.0028716855216134396 7.31818544371352e-05
4.252 0.004 0.00292731728008202 7.438037973418193e-05
4.256 0.004 0.002923716117462361 7.586311110507051e-05
4.26 0.004 0.0030157123947761127 7.70791047557128e-05
4.264 0.004 0.0029793667826554203 7.645719594796544e-05
4.268 0.004 0.0029952016240607023 7.465042504380012e-05
4.272 0.004 0.0030125434793114242 7.854092054100729e-05
4.276 0.004 0.0030370040387722153 7.579368717121461e-05
4.28 0.004 0.002801541600554272 7.420420651885297e-05
4.284 0.004 0.0029037445642356016 7.359261050462957e-05
4.288 0.004 0.002890314090293271 7.645345842512664e-05
4.292 0.004 0.002917117194476829 7.751454032859489e-05
4.296 0.004 0.0030682534731266767 0.00011857512880859738
4.3 0.004 0.0029100607278106966 7.964391393148291e-05
4.304 0.004 0.0030157403135163967 7.906260874227758e-05
4.308 0.004 0.0029317067866003305 7.905815284449757e-05
4.312 0.004 0.003031364912986232 8.013410957925623e-05
4.316 0.004 0.0029357820713948996 8.001005789309132e-05
4.32 0.004 0.0029601095310643538 7.915274844175202e-05
4.324 0.004 0.002876561720390727 8.276675546829854e-05
4.328 0.004 0.00294425019704931 7.996895815839505e-05
4.332 0.004 0.0029110381405396896 7.919910729865806e-05
4.336 0.004 0.003088377703811986 8.075981432604684e-05
4.34 0.004 0.0030300609952320337 8.142354819847159e-05
4.344 0.004 0.002899532906096219 8.140701155887201e-05
4.348 0.004 0.0029882766129129754 8.049265255672803e-05
4.352 0.004 0.0029721403780950256 8.580661144458863e-05
4.356 0.004 0.0029831947054479347 8.475999337332342e-05
4.36 0.004 0.0028301915723114384 8.50080479057935e-05
4.364 0.004 0.0029543585084145407 8.440039102810344e-05
4.368 0.004 0.002894922897928277 8.389572654052653e-05
4.372 0.004 0.003093605431236334 8.470449632314837e-05
4.376 0.004 0.0029084495434485266 8.585761464156562e-05
4.38 0.004 0.003023805136580076 8.479533455895056e-05
4.384 0.004 0.002829081959208635 8.442746673546271e-05
4.388 0.004 0.0028582058393729127 8.609385260981264e-05
4.392 0.004 0.0028483622810223986 8.458232260123037e-05
4.396 0.004 0.0030163934165698732 8.521388038428522e-05
4.4 0.004 0.0028697093852473187 8.560042133033902e-05
4.404 0.004 0.002938488879488132 9.186507843101327e-05
4.408 0.004 0.002774497895192089 9.092758191005593e-05
4.412 0.004 0.0026764508718833666 8.558860366958481e-05
4.416 0.004 0.0028377307458951717 8.653817662248154e-05
4.42 0.004 0.002837093420815873 9.043155322895806e-05
4.424 0.004 0.0030447531990568616 8.652661083796817e-05
4.428 0.004 0.0028919208459141713 8.988021867975199e-05
4.432 0.004 0.0029417547724362287 8.865801390532748e-05
4.436 0.004 0.002701952963507773 8.652478079118527e-05
4.44 0.004 0.0028653595664324782 9.005280764927833e-05
4.444 0.004 0.002812525058673356 8.845449812036226e-05
4.448 0.004 0.002929672480740325 8.940157272908529e-05
4.452 0.004 0.0027833895230532993 8.991958467967694e-05
4.456 0.004 0.0030685700201172985 8.876602893513909e-05
4.46 0.004 0.003129048210471982 8.965371921749233e-05
4.464 0.004 0.0029808599940952646 8.987033221481976e-05
4.468 0.004 0.002829460685085329 9.104642340330537e-05
4.472 0.004 0.002968028848432789 9.271154220524671e-05
4.476 0.004 0.0028598719493481447 9.406295938200646e-05
4.48 0.004 0.0029348016419344 9.605985701271433e-05
4.484 0.004 0.003029004241771806 9.057871865954795e-05
4.488 0.004 0.002762336201998203 9.275705906917832e-05
4.492 0.004 0.0030515102179473697 9.267111814631414e-05
4.496 0.004 0.00287225248130772 0.00010129858674609121
4.5 0.004 0.002867436546194968 9.224986149690523e-05
4.504 0.004 0.0029897140896085164 9.176769295278477e-05
4.508 0.004 0.0029917981994298953 9.366121391783108e-05
4.512 0.004 0.0030923947637831015 9.321641137557175e-05
4.516 0.004 0.0030540329911658264 9.351278109628837e-05
4.52 0.004 0.0028352523667759914 9.400894973322612e-05
4.524 0.004 0.0028483075846850773 9.528772201689622e-05
4.528 0.004 0.0028348081310780684 9.560910924693642e-05
4.532 0.004 0.0029860419365218545 9.699485062902235e-05
4.536 0.004 0.0029653023168065137 9.618115174483907e-05
4.54 0.004 0.002860695438246617 9.798361107085666e-05
4.544 0.004 0.0027849042755763724 9.362771769785285e-05
4.548 0.004 0.0029675314132884423 9.368080627191414e-05
4.552 0.004 0.0027360409284258205 9.779055495219768e-05
4.556 0.004 0.003058614578194783 9.598507030522536e-05
4.56 0.004 0.0030020661341646567 0.00010331019217659956
4.564 0.004 0.002996889278364108 0.00010327241321506532
4.568 0.004 0.0029446390606589663 9.390830348280704e-05
4.572 0.004 0.0028696155080261457 9.614409417297068e-05
4.576 0.004 0.0028857063513646718 9.608153630331094e-05
4.58 0.004 0.0028546873782314985 0.00010036838119105347
4.584 0.004 0.002840675365520534 9.626581953495535e-05
4.588 0.004 0.0030258025123184825 9.889815266513607e-05
4.592 0.004 0.0029377466639572995 9.941350051601385e-05
4.596 0.004 0.0028942686698404624 0.00010003201016730852
4.6 0.004 0.0029053373342372586 9.829479965647778e-05
4.604 0.004 0.002904784195775261 0.00010060070050135892
4.608 0.004 0.0028325033385398486 0.00010146584082732892
4.612 0.004 0.002885702793992704 9.735792454600785e-05
4.616 0.004 0.002848156322619426 0.00010018348525854605
4.62 0.004 0.0030142486353422564 9.959631965889911e-05
4.624 0.004 0.0028434732764336173 9.707553415020756e-05
4.628 0.004 0.0029021845798591676 9.973307900411117e-05
4.632 0.004 0.002907273412582971 0.00010081591033400324
4.636 0.004 0.0028908627911073052 0.00010038607583692845
4.64 0.004 0.002858575142517911 0.00010186496806581372
4.644 0.004 0.002800185144439221 0.00010079693016859287
4.648 0.004 0.0028153518026823193 0.00010089698961003403
4.652 0.004 0.002851209768975722 9.74625571017897e-05
4.656 0.004 0.0028294841402119555 0.0001028477170482956
4.66 0.004 0.002945254142886206 0.0001019033833504013
4.664 0.004 0.0027747855152446006 9.713940738952818e-05
4.668 0.004 0.002892233816420277 0.00010348821214072921
4.672 0.004 0.0029491433755590526 0.0001001758784527204
4.676 0.004 0.003049747579746524 9.78310700684799e-05
4.68 0.004 0.002909875228575235 0.00010287514035067384
4.684 0.004 0.003033574371828564 0.000102479310747448
4.688 0.004 0.002959145329457877 0.0001010239325688854
4.692 0.004 0.002861065774913077 0.00010498423777343401
4.696 0.004 0.0030386337319188122 0.0001030818637180537
4.7 0.004 0.0029217733174046567 0.00010562964137536352
4.704 0.004 0.002860023368710049 0.00010384393272516483
4.708 0.004 0.0027514534969690792 0.0001059665960564038
4.712 0.004 0.002944195070303197 0.00010464972610722824
4.716 0.004 0.0029086553122586716 0.0001046042002465146
4.72 0.004 0.0029250357867820916 0.00010468882315729023
4.724 0.004 0.002970778218166102 0.00010563510994021406
4.728 0.004 0.0028442906035031704 0.0001059633398486565
4.732 0.004 0.0027526126410963845 0.0001026360860283004
4.736 0.004 0.002807887176356512 0.00010539385025539704
4.74 0.004 0.002641178660156626 0.00010555423982847214
4.744 0.004 0.002700572701066413 0.0001031601537877581
4.748 0.004 0.002815454087961877 0.0001054438626067412
4.752 0.004 0.002794064886561182 0.00010850194967063022
4.756 0.004 0.0029432625506158176 0.00010500336557402816
4.76 0.004 0.00279058104218568 0.00010564333755826101
4.764 0.004 0.0029085118454720885 0.00011063019329898456
4.768 0.004 0.0028021360850453573 0.00010918673602552566
4.772 0.004 0.0029180141726571703 0.000108859261016115
4.776 0.004 0.00286751462409861 0.000109015005623577
4.78 0.004 0.002850865108904813 0.00011272438997644896
4.784 0.004 0.002930603493277143 0.00011124494961107943
4.788 0.004 0.0026267691081707113 0.00010840972085678604
4.792 0.004 0.002820966359521024 0.00010945095246196981
4.796 0.004 0.0029156745697857516 0.00011051259162823764
4.8 0.004 0.0030797427559725427 0.00010613343816346177
4.804 0.004 0.002973023466840723 0.00011017100751020867
4.808 0.004 0.0029673444978078507 0.00010590959312472894
4.812 0.004 0.0027646526021337433 0.00011063542963199511
4.816 0.004 0.003002568787157267 0.00011408582114979351
4.82 0.004 0.002820835522214599 0.00010877064652232414
4.824 0.004 0.0029529828985625953 0.0001118976402261426
4.828 0.004 0.002923503275002506 0.00011061799234344682
4.832 0.004 0.0026974766462429947 0.00011267961870551143
4.836 0.004 0.0026868531107752873 0.00011207392517756392
4.84 0.004 0.002717323350066094 0.00011298886395423466
4.844 0.004 0.0026637682055029237 0.0001133727356836182
4.848 0.004 0.0029007698779211534 0.00011216078341063992
4.852 0.004 0.0028676688061013843 0.00011224396045132272
4.856 0.004 0.0029638308298134326 0.0001148591529039303
4.86 0.004 0.003060836825312095 0.00010857486479210148
4.864 0.004 0.002855595879616905 0.00011675320054592852
4.868 0.004 0.0028915867598051617 0.00010993128449338939
4.872 0.004 0.0029147924153816954 0.00011666702186278975
4.876 0.004 0.002892449792138396 0.00011482387490481873
4.88 0.004 0.0029093658985940973 0.00011242480612301402
4.884 0.004 0.002911235839972912 0.00011693916207769369
4.888 0.004 0.0029162898887144886 0.00011421057894418538
4.892 0.004 0.0029498741994413245 0.00012299970093694896
4.896 0.004 0.0028427284867322397 0.00012084569256278627
4.9 0.004 0.003020318000247191 0.0001150495604373341
4.904 0.004 0.0028280133634861963 0.000115762517346953
4.908 0.004 0.0028401247043116024 0.0001199216143710432
4.912 0.004 0.002889781179326185 0.00011379183158418245
4.916 0.004 0.0026102880430888937 0.00011834367502260422
4.92 0.004 0.0029967901487758957 0.00011365205029846804
4.924 0.004 0.002902234547926428 0.00011526452309005929
4.928 0.004 0.0028238490001623183 0.00011670903015672257
4.932 0.004 0.002906828901406615 0.00011606763272616012
4.936 0.004 0.0028466539649709146 0.00011912289465670587
4.94 0.004 0.0029832055222794424 0.00011699655798805583
4.944 0.004 0.002904342950000021 0.0001174976658889904
4.948 0.004 0.0028492663250821665 0.00015117301312047297
4.952 0.004 0.0030187169529329095 0.0001169725038679976
4.956 0.004 0.002817698097327591 0.00012468762622367424
4.96 0.004 0.002946123613558928 0.00011983929176679635
4.964 0.004 0.0029428228202300322 0.000113815509861785
4.968 0.004 0.002994558450818484 0.0001257170933794978
4.972 0.004 0.0029729152864124467 0.00011715233648940175
4.976 0.004 0.002790907916671507 0.00012058038819964002
4.98 0.004 0.002875535876615296 0.000124112564236271
4.984 0.004 0.0027204746814648378 0.0001223171984834284
4.988 0.004 0.002832051751799725 0.00012256168863418115
4.992 0.004 0.0028256949413371186 0.00012697013265605662
4.996 0.004 0.003071757378856559 0.00012066710525324496
5.0 0.004 0.003012636527297212 0.00012007576915029195
5.004 0.004 0.002860968460511599 0.00012640466099644247
5.008 0.004 0.003029790017297823 0.0001230928206916735
5.012 0.004 0.0028565503119858384 0.00012501139114518993
5.016 0.004 0.003012836629571427 0.00012162030763180659
5.02 0.004 0.002935843327322024 0.0001281352981753397
5.024 0.004 0.002759717183712386 0.00012937292431587896
5.028 0.004 0.0030036807677726 0.00012741391479583
5.032 0.004 0.0029057073126982436 0.00013015585997325528
5.036 0.004 0.002935118708246389 0.0001257949901643983
5.04 0.004 0.003047759972943402 0.00012605274381557606
5.044 0.004 0.0030508264587681667 0.00012367931432686596
5.048 0.004 0.0028550543802616027 0.00012435022662869792
5.052 0.004 0.0027662601845399935 0.00012400826407603908
5.056 0.004 0.002998700352934948 0.00012114473384739553
5.06 0.004 0.0029297486594179493 0.00013110493599203098
5.064 0.004 0.002870470224072224 0.00012633523998235174
5.068 0.004 0.0028263754424708368 0.00012843053155401902
5.072 0.004 0.002933585092698991 0.00012397276199619943
5.076 0.004 0.002925428861806823 0.00012780105445602395
5.08 0.004 0.0027350403598541072 0.00012522673850769563
5.084 0.004 0.002917944990548839 0.00012448880717801412
5.088 0.004 0.0027990989878773458 0.00012587828898631128
5.092 0.004 0.0028493612124472793 0.00012326621738642908
5.096 0.004 0.0030310191023955 0.00012706895478619307
5.1 0.004 0.002734790426117638 0.0001277296890457619
5.104 0.004 0.0028781213579386106 0.00012678035467234691
5.108 0.004 0.0028683013150865386 0.0001256937436179483
5.112 0.004 0.002825390434852191 0.00012810310933374807
5.116 0.004 0.0025355828519202667 0.00011877010960982458
5.12 0.004 0.0030084358152225373 0.0001321167678456423
5.124 0.004 0.002717410526016388 0.00012454846292913373
5.128 0.004 0.002890065965587535 0.00012529092165167272
5.132 0.004 0.002796508416818255 0.00017269145105101025
5.136 0.004 0.0029917058603492813 0.00012975647828530892
5.14 0.004 0.002767789339556531 0.00012691055537945745
5.144 0.004 0.00313358958566558 0.0001337089586890001
5.148 0.004 0.0027593241708593116 0.00012821736739491893
5.152 0.004 0.002720963367630989 0.0001314921131080778
5.156 0.004 0.0029874593514384777 0.0001877039330207275
5.16 0.004 0.0027640845999485526 0.00015306068945948224
5.164 0.004 0.0029777725927061624 0.0001308633385237632
5.168 0.004 0.0027274260037434203 0.00016403895213567066
